DATE--TIME -UWS- UWD -LWS- LWD --SGM-- --DELTA-- ---AMB-- --DEW--- -PRECIP
0601010100 999.9 999 000.9 141 +0048.0 +09999.99 +09999.9 +09999.9 +0000.00
0601010200 999.9 999 001.0 161 +0023.5 +09999.99 +09999.9 +09999.9 +0000.00
0601010300 999.9 999 000.9 165 +0034.7 +09999.99 +09999.9 +09999.9 +0000.00
0601010400 999.9 999 000.9 169 +0026.1 +09999.99 +09999.9 +09999.9 +0000.00
0601010500 999.9 999 000.8 166 +0060.5 +09999.99 +09999.9 +09999.9 +0000.00
0601010600 999.9 999 000.8 168 +0073.3 +09999.99 +09999.9 +09999.9 +0000.00
0601010700 999.9 999 001.2 149 +0043.5 +09999.99 +09999.9 +09999.9 +0000.00
0601010800 999.9 999 001.1 151 +0044.3 +09999.99 +09999.9 +09999.9 +0000.00
0601010900 999.9 999 001.0 158 +0025.4 +09999.99 +09999.9 +09999.9 +0000.00
0601011000 999.9 999 000.7 135 +0049.7 +09999.99 +09999.9 +09999.9 +0000.00
0601011100 999.9 999 002.1 323 +0044.3 +09999.99 +09999.9 +09999.9 +0000.00
0601011200 999.9 999 003.4 324 +0036.9 +09999.99 +09999.9 +09999.9 +0000.00
0601011300 999.9 999 001.8 005 +0048.7 +09999.99 +09999.9 +09999.9 +0000.00
0601011400 999.9 999 004.4 320 +0026.2 +09999.99 +09999.9 +09999.9 +0000.00
0601011500 999.9 999 002.7 220 +0075.1 +09999.99 +09999.9 +09999.9 +0000.00
0601011600 999.9 999 001.4 079 +0095.4 +09999.99 +09999.9 +09999.9 +0000.00
0601011700 999.9 999 001.0 191 +0064.2 +09999.99 +09999.9 +09999.9 +0000.00
0601011800 999.9 999 000.5 152 +0071.3 +09999.99 +09999.9 +09999.9 +0000.00
0601011900 999.9 999 000.0 157 +0031.0 +09999.99 +09999.9 +09999.9 +0000.00
0601012000 999.9 999 001.0 168 +0095.3 +09999.99 +09999.9 +09999.9 +0000.00
0601012100 999.9 999 000.8 174 +0062.9 +09999.99 +09999.9 +09999.9 +0000.00
0601012200 999.9 999 001.4 143 +0042.6 +09999.99 +09999.9 +09999.9 +0000.00
0601012300 999.9 999 001.2 184 +0075.4 +09999.99 +09999.9 +09999.9 +0000.02
0601012400 999.9 999 003.5 029 +0077.1 +09999.99 +09999.9 +09999.9 +0000.01
0601020100 999.9 999 000.9 225 +0090.0 +09999.99 +09999.9 +09999.9 +0000.04
0601020200 999.9 999 001.2 148 +0077.6 +09999.99 +09999.9 +09999.9 +0000.00
0601020300 999.9 999 000.9 245 +0095.3 +09999.99 +09999.9 +09999.9 +0000.00
0601020400 999.9 999 001.3 029 +0078.4 +09999.99 +09999.9 +09999.9 +0000.00
0601020500 999.9 999 001.6 074 +0079.5 +09999.99 +09999.9 +09999.9 +0000.00
0601020600 999.9 999 002.5 253 +0098.2 +09999.99 +09999.9 +09999.9 +0000.04
0601020700 999.9 999 002.7 002 +0044.3 +09999.99 +09999.9 +09999.9 +0000.00
0601020800 999.9 999 001.7 173 +0068.8 +09999.99 +09999.9 +09999.9 +0000.00
0601020900 999.9 999 001.0 203 +0084.9 +09999.99 +09999.9 +09999.9 +0000.18
0601021000 999.9 999 002.1 038 +0097.5 +09999.99 +09999.9 +09999.9 +0000.22
0601021100 999.9 999 001.5 007 +0056.8 +09999.99 +09999.9 +09999.9 +0000.12
0601021200 999.9 999 001.9 005 +0041.8 +09999.99 +09999.9 +09999.9 +0000.16
0601021300 999.9 999 003.8 026 +0086.0 +09999.99 +09999.9 +09999.9 +0000.17
0601021400 999.9 999 002.5 156 +0054.5 +09999.99 +09999.9 +09999.9 +0000.17
0601021500 999.9 999 004.0 132 +0033.7 +09999.99 +09999.9 +09999.9 +0000.00
0601021600 999.9 999 001.8 345 +0060.1 +09999.99 +09999.9 +09999.9 +0000.02
0601021700 999.9 999 001.9 340 +0055.6 +09999.99 +09999.9 +09999.9 +0000.02
0601021800 999.9 999 000.7 267 +0085.6 +09999.99 +09999.9 +09999.9 +0000.00
0601021900 999.9 999 001.6 296 +0088.9 +09999.99 +09999.9 +09999.9 +0000.02
0601022000 999.9 999 002.4 203 +0101.3 +09999.99 +09999.9 +09999.9 +0000.10
0601022100 999.9 999 001.0 160 +0076.6 +09999.99 +09999.9 +09999.9 +0000.01
0601022200 999.9 999 001.8 126 +0073.5 +09999.99 +09999.9 +09999.9 +0000.11
0601022300 999.9 999 002.1 163 +0085.0 +09999.99 +09999.9 +09999.9 +0000.16
0601022400 999.9 999 000.9 152 +0051.4 +09999.99 +09999.9 +09999.9 +0000.00
0601030100 999.9 999 001.3 153 +0042.6 +09999.99 +09999.9 +09999.9 +0000.00
0601030200 999.9 999 001.1 124 +0050.6 +09999.99 +09999.9 +09999.9 +0000.00
0601030300 999.9 999 001.1 137 +0045.2 +09999.99 +09999.9 +09999.9 +0000.00
0601030400 999.9 999 001.9 293 +0062.9 +09999.99 +09999.9 +09999.9 +0000.00
0601030500 999.9 999 001.6 316 +0079.8 +09999.99 +09999.9 +09999.9 +0000.00
0601030600 999.9 999 000.8 161 +0078.5 +09999.99 +09999.9 +09999.9 +0000.00
0601030700 999.9 999 002.4 322 +0039.7 +09999.99 +09999.9 +09999.9 +0000.00
0601030800 999.9 999 001.9 154 +0026.9 +09999.99 +09999.9 +09999.9 +0000.00
0601030900 999.9 999 001.9 145 +0028.2 +09999.99 +09999.9 +09999.9 +0000.00
0601031000 999.9 999 999.9 999 +9999.9 +09999.99 +09999.9 +09999.9 +9999.99
0601031100 999.9 999 007.0 299 +0026.8 +09999.99 +09999.9 +09999.9 +0000.00
0601031200 999.9 999 006.0 299 +0022.3 +09999.99 +09999.9 +09999.9 +0000.00
0601031300 999.9 999 008.7 308 +0019.3 +09999.99 +09999.9 +09999.9 +0000.00
0601031400 999.9 999 007.9 304 +0021.2 +09999.99 +09999.9 +09999.9 +0000.00
0601031500 999.9 999 006.7 301 +0025.4 +09999.99 +09999.9 +09999.9 +0000.00
0601031600 999.9 999 005.3 297 +0021.6 +09999.99 +09999.9 +09999.9 +0000.00
0601031700 999.9 999 003.0 291 +0038.8 +09999.99 +09999.9 +09999.9 +0000.00
0601031800 999.9 999 001.0 190 +0080.0 +09999.99 +09999.9 +09999.9 +0000.00
0601031900 999.9 999 001.4 149 +0021.0 +09999.99 +09999.9 +09999.9 +0000.00
0601032000 999.9 999 001.5 149 +0048.9 +09999.99 +09999.9 +09999.9 +0000.00
0601032100 999.9 999 000.8 159 +0043.8 +09999.99 +09999.9 +09999.9 +0000.00
0601032200 999.9 999 001.2 155 +0047.1 +09999.99 +09999.9 +09999.9 +0000.00
0601032300 999.9 999 001.4 160 +0040.4 +09999.99 +09999.9 +09999.9 +0000.00
0601032400 999.9 999 001.1 162 +0048.5 +09999.99 +09999.9 +09999.9 +0000.00
0601040100 999.9 999 000.9 170 +0029.2 +09999.99 +09999.9 +09999.9 +0000.00
0601040200 999.9 999 001.2 171 +0020.1 +09999.99 +09999.9 +09999.9 +0000.00
0601040300 999.9 999 001.1 143 +0036.9 +09999.99 +09999.9 +09999.9 +0000.00
0601040400 999.9 999 001.6 136 +0033.3 +09999.99 +09999.9 +09999.9 +0000.00
0601040500 999.9 999 001.6 134 +0029.2 +09999.99 +09999.9 +09999.9 +0000.00
0601040600 999.9 999 001.8 137 +0017.7 +09999.99 +09999.9 +09999.9 +0000.00
0601040700 999.9 999 001.8 138 +0022.1 +09999.99 +09999.9 +09999.9 +0000.00
0601040800 999.9 999 001.7 134 +0025.0 +09999.99 +09999.9 +09999.9 +0000.00
0601040900 999.9 999 001.6 147 +0021.5 +09999.99 +09999.9 +09999.9 +0000.00
0601041000 999.9 999 001.7 114 +0018.4 +09999.99 +09999.9 +09999.9 +0000.00
0601041100 999.9 999 000.6 100 +0055.5 +09999.99 +09999.9 +09999.9 +0000.00
0601041200 999.9 999 003.1 137 +0036.7 +09999.99 +09999.9 +09999.9 +0000.00
0601041300 999.9 999 003.2 196 +0074.6 +09999.99 +09999.9 +09999.9 +0000.00
0601041400 999.9 999 003.3 196 +0085.1 +09999.99 +09999.9 +09999.9 +0000.00
0601041500 999.9 999 002.6 214 +0079.5 +09999.99 +09999.9 +09999.9 +0000.00
0601041600 999.9 999 002.6 169 +0062.4 +09999.99 +09999.9 +09999.9 +0000.00
0601041700 999.9 999 001.8 161 +0071.6 +09999.99 +09999.9 +09999.9 +0000.00
0601041800 999.9 999 000.8 140 +0044.3 +09999.99 +09999.9 +09999.9 +0000.00
0601041900 999.9 999 001.4 161 +0055.5 +09999.99 +09999.9 +09999.9 +0000.00
0601042000 999.9 999 001.4 157 +0020.6 +09999.99 +09999.9 +09999.9 +0000.00
0601042100 999.9 999 001.1 160 +0018.1 +09999.99 +09999.9 +09999.9 +0000.00
0601042200 999.9 999 001.1 153 +0020.2 +09999.99 +09999.9 +09999.9 +0000.00
0601042300 999.9 999 000.9 150 +0059.0 +09999.99 +09999.9 +09999.9 +0000.00
0601042400 999.9 999 001.3 150 +0030.9 +09999.99 +09999.9 +09999.9 +0000.00
0601050100 999.9 999 001.1 155 +0039.9 +09999.99 +09999.9 +09999.9 +0000.00
0601050200 999.9 999 000.9 147 +0050.6 +09999.99 +09999.9 +09999.9 +0000.00
0601050300 999.9 999 001.0 159 +0043.7 +09999.99 +09999.9 +09999.9 +0000.00
0601050400 999.9 999 001.0 157 +0039.4 +09999.99 +09999.9 +09999.9 +0000.00
0601050500 999.9 999 000.9 179 +0054.4 +09999.99 +09999.9 +09999.9 +0000.00
0601050600 999.9 999 001.3 154 +0027.4 +09999.99 +09999.9 +09999.9 +0000.00
0601050700 999.9 999 001.2 156 +0029.8 +09999.99 +09999.9 +09999.9 +0000.00
0601050800 999.9 999 001.5 156 +0032.7 +09999.99 +09999.9 +09999.9 +0000.00
0601050900 999.9 999 001.7 138 +0033.0 +09999.99 +09999.9 +09999.9 +0000.00
0601051000 999.9 999 001.2 119 +0046.5 +09999.99 +09999.9 +09999.9 +0000.00
0601051100 999.9 999 001.0 113 +0044.9 +09999.99 +09999.9 +09999.9 +0000.00
0601051200 999.9 999 001.6 034 +0082.2 +09999.99 +09999.9 +09999.9 +0000.00
0601051300 999.9 999 003.4 115 +0053.3 +09999.99 +09999.9 +09999.9 +0000.00
0601051400 999.9 999 005.0 144 +0031.9 +09999.99 +09999.9 +09999.9 +0000.00
0601051500 999.9 999 004.8 167 +0066.7 +09999.99 +09999.9 +09999.9 +0000.00
0601051600 999.9 999 005.8 292 +0041.6 +09999.99 +09999.9 +09999.9 +0000.00
0601051700 999.9 999 003.4 288 +0065.8 +09999.99 +09999.9 +09999.9 +0000.00
0601051800 999.9 999 001.7 179 +0077.2 +09999.99 +09999.9 +09999.9 +0000.00
0601051900 999.9 999 004.7 003 +0031.7 +09999.99 +09999.9 +09999.9 +0000.00
0601052000 999.9 999 004.1 018 +0022.0 +09999.99 +09999.9 +09999.9 +0000.00
0601052100 999.9 999 005.3 011 +0026.6 +09999.99 +09999.9 +09999.9 +0000.00
0601052200 999.9 999 004.1 019 +0024.1 +09999.99 +09999.9 +09999.9 +0000.00
0601052300 999.9 999 002.2 093 +0040.5 +09999.99 +09999.9 +09999.9 +0000.00
0601052400 999.9 999 004.7 015 +0028.2 +09999.99 +09999.9 +09999.9 +0000.00
0601060100 999.9 999 005.5 001 +0023.3 +09999.99 +09999.9 +09999.9 +0000.00
0601060200 999.9 999 004.4 012 +0024.9 +09999.99 +09999.9 +09999.9 +0000.00
0601060300 999.9 999 004.4 004 +0024.9 +09999.99 +09999.9 +09999.9 +0000.00
0601060400 999.9 999 004.0 006 +0027.0 +09999.99 +09999.9 +09999.9 +0000.00
0601060500 999.9 999 001.8 024 +0027.5 +09999.99 +09999.9 +09999.9 +0000.00
0601060600 999.9 999 001.7 142 +0031.8 +09999.99 +09999.9 +09999.9 +0000.00
0601060700 999.9 999 001.5 155 +0017.8 +09999.99 +09999.9 +09999.9 +0000.00
0601060800 999.9 999 001.3 159 +0028.4 +09999.99 +09999.9 +09999.9 +0000.00
0601060900 999.9 999 001.4 142 +0029.8 +09999.99 +09999.9 +09999.9 +0000.00
0601061000 999.9 999 001.8 128 +0020.0 +09999.99 +09999.9 +09999.9 +0000.00
0601061100 999.9 999 003.6 352 +0061.9 +09999.99 +09999.9 +09999.9 +0000.00
0601061200 999.9 999 005.2 330 +0032.2 +09999.99 +09999.9 +09999.9 +0000.00
0601061300 999.9 999 003.8 345 +0040.9 +09999.99 +09999.9 +09999.9 +0000.00
0601061400 999.9 999 002.6 348 +0065.1 +09999.99 +09999.9 +09999.9 +0000.00
0601061500 999.9 999 003.1 317 +0056.9 +09999.99 +09999.9 +09999.9 +0000.00
0601061600 999.9 999 002.7 297 +0040.1 +09999.99 +09999.9 +09999.9 +0000.00
0601061700 999.9 999 008.0 305 +0019.4 +09999.99 +09999.9 +09999.9 +0000.00
0601061800 999.9 999 010.7 328 +0019.2 +09999.99 +09999.9 +09999.9 +0000.00
0601061900 999.9 999 008.2 319 +0018.6 +09999.99 +09999.9 +09999.9 +0000.00
0601062000 999.9 999 005.1 327 +0066.1 +09999.99 +09999.9 +09999.9 +0000.00
0601062100 999.9 999 008.9 325 +0021.3 +09999.99 +09999.9 +09999.9 +0000.00
0601062200 999.9 999 008.1 314 +0016.8 +09999.99 +09999.9 +09999.9 +0000.00
0601062300 999.9 999 006.3 306 +0018.7 +09999.99 +09999.9 +09999.9 +0000.00
0601062400 999.9 999 004.8 286 +0067.3 +09999.99 +09999.9 +09999.9 +0000.00
0601070100 999.9 999 002.1 148 +0021.4 +09999.99 +09999.9 +09999.9 +0000.00
0601070200 999.9 999 002.4 146 +0016.4 +09999.99 +09999.9 +09999.9 +0000.00
0601070300 999.9 999 001.8 156 +0020.8 +09999.99 +09999.9 +09999.9 +0000.00
0601070400 999.9 999 001.3 148 +0029.2 +09999.99 +09999.9 +09999.9 +0000.00
0601070500 999.9 999 001.5 153 +0031.6 +09999.99 +09999.9 +09999.9 +0000.00
0601070600 999.9 999 001.4 153 +0035.6 +09999.99 +09999.9 +09999.9 +0000.00
0601070700 999.9 999 001.6 141 +0027.9 +09999.99 +09999.9 +09999.9 +0000.00
0601070800 999.9 999 001.7 152 +0042.8 +09999.99 +09999.9 +09999.9 +0000.00
0601070900 999.9 999 001.5 135 +0047.9 +09999.99 +09999.9 +09999.9 +0000.00
0601071000 999.9 999 001.7 114 +0048.0 +09999.99 +09999.9 +09999.9 +0000.00
0601071100 999.9 999 002.4 149 +0047.2 +09999.99 +09999.9 +09999.9 +0000.00
0601071200 999.9 999 002.8 151 +0075.1 +09999.99 +09999.9 +09999.9 +0000.00
0601071300 999.9 999 003.8 267 +0066.0 +09999.99 +09999.9 +09999.9 +0000.00
0601071400 999.9 999 004.0 170 +0049.0 +09999.99 +09999.9 +09999.9 +0000.00
0601071500 999.9 999 002.9 208 +0079.0 +09999.99 +09999.9 +09999.9 +0000.00
0601071600 999.9 999 003.4 258 +0075.3 +09999.99 +09999.9 +09999.9 +0000.00
0601071700 999.9 999 003.3 288 +0058.7 +09999.99 +09999.9 +09999.9 +0000.00
0601071800 999.9 999 001.2 141 +0091.5 +09999.99 +09999.9 +09999.9 +0000.00
0601071900 999.9 999 001.7 124 +0081.7 +09999.99 +09999.9 +09999.9 +0000.00
0601072000 999.9 999 001.6 354 +0084.7 +09999.99 +09999.9 +09999.9 +0000.00
0601072100 999.9 999 002.4 312 +0067.2 +09999.99 +09999.9 +09999.9 +0000.00
0601072200 999.9 999 001.3 007 +0096.8 +09999.99 +09999.9 +09999.9 +0000.00
0601072300 999.9 999 001.7 127 +0021.4 +09999.99 +09999.9 +09999.9 +0000.00
0601072400 999.9 999 000.8 088 +0070.5 +09999.99 +09999.9 +09999.9 +0000.00
0601080100 999.9 999 001.1 115 +0044.9 +09999.99 +09999.9 +09999.9 +0000.00
0601080200 999.9 999 001.0 133 +0059.3 +09999.99 +09999.9 +09999.9 +0000.00
0601080300 999.9 999 001.6 147 +0018.1 +09999.99 +09999.9 +09999.9 +0000.00
0601080400 999.9 999 002.3 147 +0022.2 +09999.99 +09999.9 +09999.9 +0000.00
0601080500 999.9 999 001.8 152 +0017.4 +09999.99 +09999.9 +09999.9 +0000.00
0601080600 999.9 999 001.4 159 +0016.3 +09999.99 +09999.9 +09999.9 +0000.00
0601080700 999.9 999 001.3 159 +0019.9 +09999.99 +09999.9 +09999.9 +0000.00
0601080800 999.9 999 001.3 166 +0043.0 +09999.99 +09999.9 +09999.9 +0000.00
0601080900 999.9 999 001.7 152 +0015.6 +09999.99 +09999.9 +09999.9 +0000.00
0601081000 999.9 999 001.6 134 +0025.0 +09999.99 +09999.9 +09999.9 +0000.00
0601081100 999.9 999 002.6 104 +0061.4 +09999.99 +09999.9 +09999.9 +0000.00
0601081200 999.9 999 003.6 147 +0052.8 +09999.99 +09999.9 +09999.9 +0000.00
0601081300 999.9 999 004.6 155 +0051.1 +09999.99 +09999.9 +09999.9 +0000.00
0601081400 999.9 999 004.7 162 +0056.1 +09999.99 +09999.9 +09999.9 +0000.00
0601081500 999.9 999 005.3 162 +0043.9 +09999.99 +09999.9 +09999.9 +0000.00
0601081600 999.9 999 004.9 158 +0040.5 +09999.99 +09999.9 +09999.9 +0000.00
0601081700 999.9 999 002.4 174 +0070.4 +09999.99 +09999.9 +09999.9 +0000.00
0601081800 999.9 999 001.0 152 +0049.2 +09999.99 +09999.9 +09999.9 +0000.00
0601081900 999.9 999 001.0 137 +0035.0 +09999.99 +09999.9 +09999.9 +0000.00
0601082000 999.9 999 001.3 119 +0057.3 +09999.99 +09999.9 +09999.9 +0000.00
0601082100 999.9 999 001.2 139 +0039.7 +09999.99 +09999.9 +09999.9 +0000.00
0601082200 999.9 999 001.4 140 +0018.8 +09999.99 +09999.9 +09999.9 +0000.00
0601082300 999.9 999 001.0 143 +0027.7 +09999.99 +09999.9 +09999.9 +0000.00
0601082400 999.9 999 000.8 146 +0029.6 +09999.99 +09999.9 +09999.9 +0000.00
0601090100 999.9 999 000.9 145 +0025.2 +09999.99 +09999.9 +09999.9 +0000.00
0601090200 999.9 999 001.1 140 +0036.0 +09999.99 +09999.9 +09999.9 +0000.00
0601090300 999.9 999 001.6 127 +0033.3 +09999.99 +09999.9 +09999.9 +0000.00
0601090400 999.9 999 001.4 111 +0065.3 +09999.99 +09999.9 +09999.9 +0000.00
0601090500 999.9 999 001.7 093 +0071.4 +09999.99 +09999.9 +09999.9 +0000.00
0601090600 999.9 999 001.9 006 +0095.0 +09999.99 +09999.9 +09999.9 +0000.00
0601090700 999.9 999 001.3 031 +0090.8 +09999.99 +09999.9 +09999.9 +0000.00
0601090800 999.9 999 002.2 105 +0075.2 +09999.99 +09999.9 +09999.9 +0000.00
0601090900 999.9 999 001.4 024 +0081.8 +09999.99 +09999.9 +09999.9 +0000.00
0601091000 999.9 999 002.3 126 +0071.8 +09999.99 +09999.9 +09999.9 +0000.00
0601091100 999.9 999 002.4 117 +0083.7 +09999.99 +09999.9 +09999.9 +0000.00
0601091200 999.9 999 003.5 167 +0075.5 +09999.99 +09999.9 +09999.9 +0000.00
0601091300 999.9 999 005.0 168 +0049.9 +09999.99 +09999.9 +09999.9 +0000.00
0601091400 999.9 999 003.5 189 +0075.0 +09999.99 +09999.9 +09999.9 +0000.00
0601091500 999.9 999 004.5 289 +0039.2 +09999.99 +09999.9 +09999.9 +0000.00
0601091600 999.9 999 003.7 292 +0056.1 +09999.99 +09999.9 +09999.9 +0000.00
0601091700 999.9 999 002.1 200 +0093.7 +09999.99 +09999.9 +09999.9 +0000.00
0601091800 999.9 999 001.6 138 +0037.9 +09999.99 +09999.9 +09999.9 +0000.00
0601091900 999.9 999 001.3 029 +0084.8 +09999.99 +09999.9 +09999.9 +0000.00
0601092000 999.9 999 001.4 159 +0036.4 +09999.99 +09999.9 +09999.9 +0000.00
0601092100 999.9 999 001.2 153 +0039.1 +09999.99 +09999.9 +09999.9 +0000.00
0601092200 999.9 999 000.7 140 +0039.9 +09999.99 +09999.9 +09999.9 +0000.00
0601092300 999.9 999 000.7 147 +0040.4 +09999.99 +09999.9 +09999.9 +0000.00
0601092400 999.9 999 001.0 146 +0013.1 +09999.99 +09999.9 +09999.9 +0000.00
0601100100 999.9 999 000.6 158 +0036.4 +09999.99 +09999.9 +09999.9 +0000.00
0601100200 999.9 999 000.5 154 +0020.8 +09999.99 +09999.9 +09999.9 +0000.00
0601100300 999.9 999 000.7 142 +0017.1 +09999.99 +09999.9 +09999.9 +0000.00
0601100400 999.9 999 000.6 142 +0050.3 +09999.99 +09999.9 +09999.9 +0000.00
0601100500 999.9 999 001.0 160 +0020.4 +09999.99 +09999.9 +09999.9 +0000.00
0601100600 999.9 999 000.5 183 +0047.5 +09999.99 +09999.9 +09999.9 +0000.00
0601100700 999.9 999 000.8 140 +0062.0 +09999.99 +09999.9 +09999.9 +0000.00
0601100800 999.9 999 000.9 169 +0041.0 +09999.99 +09999.9 +09999.9 +0000.00
0601100900 999.9 999 000.4 195 +0071.8 +09999.99 +09999.9 +09999.9 +0000.00
0601101000 999.9 999 000.8 105 +0038.8 +09999.99 +09999.9 +09999.9 +0000.00
0601101100 999.9 999 001.4 117 +0025.5 +09999.99 +09999.9 +09999.9 +0000.00
0601101200 999.9 999 001.4 127 +0017.7 +09999.99 +09999.9 +09999.9 +0000.00
0601101300 999.9 999 001.7 107 +0019.5 +09999.99 +09999.9 +09999.9 +0000.00
0601101400 999.9 999 002.7 146 +0043.0 +09999.99 +09999.9 +09999.9 +0000.00
0601101500 999.9 999 004.3 160 +0040.8 +09999.99 +09999.9 +09999.9 +0000.00
0601101600 999.9 999 004.2 160 +0030.8 +09999.99 +09999.9 +09999.9 +0000.00
0601101700 999.9 999 003.7 156 +0030.1 +09999.99 +09999.9 +09999.9 +0000.00
0601101800 999.9 999 000.9 168 +0052.7 +09999.99 +09999.9 +09999.9 +0000.00
0601101900 999.9 999 000.5 139 +0062.0 +09999.99 +09999.9 +09999.9 +0000.00
0601102000 999.9 999 000.7 142 +0033.6 +09999.99 +09999.9 +09999.9 +0000.00
0601102100 999.9 999 000.3 145 +0056.5 +09999.99 +09999.9 +09999.9 +0000.00
0601102200 999.9 999 000.6 136 +0054.5 +09999.99 +09999.9 +09999.9 +0000.00
0601102300 999.9 999 000.2 276 +0093.2 +09999.99 +09999.9 +09999.9 +0000.00
0601102400 999.9 999 000.7 171 +0085.6 +09999.99 +09999.9 +09999.9 +0000.00
0601110100 999.9 999 000.4 098 +0093.1 +09999.99 +09999.9 +09999.9 +0000.00
0601110200 999.9 999 000.7 312 +0072.8 +09999.99 +09999.9 +09999.9 +0000.01
0601110300 999.9 999 000.4 322 +0088.0 +09999.99 +09999.9 +09999.9 +0000.00
0601110400 999.9 999 000.8 292 +0080.7 +09999.99 +09999.9 +09999.9 +0000.00
0601110500 999.9 999 000.8 159 +0059.2 +09999.99 +09999.9 +09999.9 +0000.00
0601110600 999.9 999 000.7 311 +0059.6 +09999.99 +09999.9 +09999.9 +0000.05
0601110700 999.9 999 001.9 314 +0064.2 +09999.99 +09999.9 +09999.9 +0000.59
0601110800 999.9 999 000.0 207 +0059.7 +09999.99 +09999.9 +09999.9 +0000.01
0601110900 999.9 999 000.2 142 +0065.0 +09999.99 +09999.9 +09999.9 +0000.03
0601111000 999.9 999 001.0 138 +0038.1 +09999.99 +09999.9 +09999.9 +0000.06
0601111100 999.9 999 001.4 133 +0039.8 +09999.99 +09999.9 +09999.9 +0000.01
0601111200 999.9 999 002.6 149 +0036.9 +09999.99 +09999.9 +09999.9 +0000.01
0601111300 999.9 999 002.5 164 +0083.0 +09999.99 +09999.9 +09999.9 +0000.00
0601111400 999.9 999 003.2 161 +0042.7 +09999.99 +09999.9 +09999.9 +0000.00
0601111500 999.9 999 004.1 161 +0040.9 +09999.99 +09999.9 +09999.9 +0000.00
0601111600 999.9 999 004.6 165 +0056.6 +09999.99 +09999.9 +09999.9 +0000.00
0601111700 999.9 999 002.7 155 +0053.8 +09999.99 +09999.9 +09999.9 +0000.00
0601111800 999.9 999 001.8 146 +0032.9 +09999.99 +09999.9 +09999.9 +0000.00
0601111900 999.9 999 001.4 132 +0025.9 +09999.99 +09999.9 +09999.9 +0000.00
0601112000 999.9 999 001.0 144 +0046.3 +09999.99 +09999.9 +09999.9 +0000.00
0601112100 999.9 999 001.2 151 +0022.5 +09999.99 +09999.9 +09999.9 +0000.00
0601112200 999.9 999 001.3 157 +0013.4 +09999.99 +09999.9 +09999.9 +0000.00
0601112300 999.9 999 000.7 155 +0046.1 +09999.99 +09999.9 +09999.9 +0000.00
0601112400 999.9 999 000.9 151 +0025.8 +09999.99 +09999.9 +09999.9 +0000.00
0601120100 999.9 999 000.6 192 +0048.4 +09999.99 +09999.9 +09999.9 +0000.00
0601120200 999.9 999 000.5 190 +0050.4 +09999.99 +09999.9 +09999.9 +0000.00
0601120300 999.9 999 000.8 175 +0044.6 +09999.99 +09999.9 +09999.9 +0000.00
0601120400 999.9 999 000.7 174 +0041.5 +09999.99 +09999.9 +09999.9 +0000.01
0601120500 999.9 999 000.7 181 +0040.2 +09999.99 +09999.9 +09999.9 +0000.00
0601120600 999.9 999 001.0 186 +0051.7 +09999.99 +09999.9 +09999.9 +0000.00
0601120700 999.9 999 000.8 201 +0062.1 +09999.99 +09999.9 +09999.9 +0000.00
0601120800 999.9 999 001.4 124 +0038.3 +09999.99 +09999.9 +09999.9 +0000.00
0601120900 999.9 999 000.6 206 +0046.7 +09999.99 +09999.9 +09999.9 +0000.00
0601121000 999.9 999 001.1 150 +0037.8 +09999.99 +09999.9 +09999.9 +0000.00
0601121100 999.9 999 001.4 032 +0061.7 +09999.99 +09999.9 +09999.9 +0000.00
0601121200 999.9 999 003.2 119 +0028.1 +09999.99 +09999.9 +09999.9 +0000.00
0601121300 999.9 999 003.5 157 +0046.9 +09999.99 +09999.9 +09999.9 +0000.00
0601121400 999.9 999 003.9 160 +0046.2 +09999.99 +09999.9 +09999.9 +0000.00
0601121500 999.9 999 003.1 146 +0073.6 +09999.99 +09999.9 +09999.9 +0000.00
0601121600 999.9 999 003.4 163 +0056.8 +09999.99 +09999.9 +09999.9 +0000.00
0601121700 999.9 999 001.7 156 +0063.7 +09999.99 +09999.9 +09999.9 +0000.00
0601121800 999.9 999 000.7 156 +0028.5 +09999.99 +09999.9 +09999.9 +0000.00
0601121900 999.9 999 001.3 149 +0020.0 +09999.99 +09999.9 +09999.9 +0000.00
0601122000 999.9 999 000.8 142 +0041.2 +09999.99 +09999.9 +09999.9 +0000.00
0601122100 999.9 999 001.0 145 +0022.6 +09999.99 +09999.9 +09999.9 +0000.00
0601122200 999.9 999 001.0 154 +0029.3 +09999.99 +09999.9 +09999.9 +0000.00
0601122300 999.9 999 000.5 166 +0048.6 +09999.99 +09999.9 +09999.9 +0000.00
0601122400 999.9 999 001.6 156 +0028.8 +09999.99 +09999.9 +09999.9 +0000.00
0601130100 999.9 999 000.6 159 +0020.2 +09999.99 +09999.9 +09999.9 +0000.00
0601130200 999.9 999 000.9 170 +0032.8 +09999.99 +09999.9 +09999.9 +0000.00
0601130300 999.9 999 000.7 167 +0022.4 +09999.99 +09999.9 +09999.9 +0000.00
0601130400 999.9 999 000.5 183 +0046.3 +09999.99 +09999.9 +09999.9 +0000.00
0601130500 999.9 999 000.8 157 +0032.3 +09999.99 +09999.9 +09999.9 +0000.00
0601130600 999.9 999 000.8 172 +0022.9 +09999.99 +09999.9 +09999.9 +0000.00
0601130700 999.9 999 000.8 193 +0067.3 +09999.99 +09999.9 +09999.9 +0000.00
0601130800 999.9 999 000.9 164 +0022.5 +09999.99 +09999.9 +09999.9 +0000.00
0601130900 999.9 999 000.6 177 +0046.0 +09999.99 +09999.9 +09999.9 +0000.00
0601131000 999.9 999 000.9 351 +0096.8 +09999.99 +09999.9 +09999.9 +0000.00
0601131100 999.9 999 002.0 136 +0073.3 +09999.99 +09999.9 +09999.9 +0000.00
0601131200 999.9 999 003.3 337 +0023.3 +09999.99 +09999.9 +09999.9 +0000.00
0601131300 999.9 999 002.3 329 +0025.9 +09999.99 +09999.9 +09999.9 +0000.00
0601131400 999.9 999 001.3 058 +0081.4 +09999.99 +09999.9 +09999.9 +0000.01
0601131500 999.9 999 001.7 273 +0074.3 +09999.99 +09999.9 +09999.9 +0000.32
0601131600 999.9 999 001.4 154 +0089.5 +09999.99 +09999.9 +09999.9 +0000.26
0601131700 999.9 999 005.6 153 +0031.4 +09999.99 +09999.9 +09999.9 +0000.27
0601131800 999.9 999 004.9 156 +0048.7 +09999.99 +09999.9 +09999.9 +0000.02
0601131900 999.9 999 004.1 295 +0079.4 +09999.99 +09999.9 +09999.9 +0000.00
0601132000 999.9 999 006.1 292 +0049.4 +09999.99 +09999.9 +09999.9 +0000.00